observation_date	coffee_cpi	price_arabica	price_tea	price_milk
1980-01-01	114.200	168.6700	225.1799011	93.2
1980-02-01	114.300	164.8300	233.0944977	93.9
1980-03-01	113.900	184.3800	226.8332977	93.5
1980-04-01	113.300	180.8100	221.8067932	93.9
1980-05-01	113.400	190.5400	229.6112061	93.95
1980-06-01	113.000	181.4100	235.4093018	94
1980-07-01	113.500	155.6700	222.2917938	94.2
1980-08-01	113.300	135.9900	226.0397034	96.5
1980-09-01	111.600	125.8800	209.7476044	97.9
1980-10-01	108.500	126.0900	203.662796	100
1980-11-01	106.400	114.8600	223.5704956	101.1
1980-12-01	103.900	121.2100	216.2512054	103
1981-01-01	102.400	127.9800	217.3755035	102.4
1981-02-01	98.900	125.1100	222.8430023	102.9
1981-03-01	97.500	125.9300	221.7185974	102.3
1981-04-01	97.000	128.2000	216.1408997	101.7
1981-05-01	96.600	125.9300	208.2042999	100.2
1981-06-01	95.900	111.9400	199.4078979	100.6
1981-07-01	95.500	120.0100	186.5549011	100.8
1981-08-01	94.600	124.0900	175.4216003	100.9
1981-09-01	94.200	126.0200	179.8748932	102.2
1981-10-01	93.800	136.4100	192.5735016	105.2
1981-11-01	93.600	143.7900	201.1053925	102.5
1981-12-01	94.200	141.6700	201.7667999	101.8
1982-01-01	96.100	143.9000	202.7588959	101.2
1982-02-01	98.500	155.0000	207.3665009	101.3
1982-03-01	98.900	144.8300	194.976593	99.9
1982-04-01	99.300	141.4000	186.4667969	99.2
1982-05-01	99.400	137.0000	186.9076996	98.5
1982-06-01	98.800	141.0200	183.5126038	98.5
1982-07-01	98.800	131.1100	175.7303009	98.7
1982-08-01	98.900	132.8300	178.1333008	98.7
1982-09-01	98.300	136.7300	191.3390045	100
1982-10-01	98.300	141.1800	201.4582062	101.2
1982-11-01	98.100	137.8600	197.7984924	101.4
1982-12-01	98.600	133.7900	211.5773926	101.3
1983-01-01	99.400	128.5300	216.846405	100.8
1983-02-01	99.600	125.8700	205.2501068	100.9
1983-03-01	99.200	124.2700	197.7765045	100
1983-04-01	99.000	123.9600	203.6407013	99.3
1983-05-01	99.300	128.1500	200.6865997	99
1983-06-01	99.100	126.4000	187.4147034	98.4
1983-07-01	98.700	127.8600	193.8302002	98.4
1983-08-01	98.700	129.3100	200.4441071	99.8
1983-09-01	97.800	132.5600	214.4875031	101.1
1983-10-01	98.000	141.2800	260.2554016	100.9
1983-11-01	98.700	145.5500	347.8449097	100.5
1983-12-01	98.300	146.5400	361.094696	100
1984-01-01	99.400	143.1400	428.7544861	99.2
1984-02-01	100.600	145.7200	372.0737	98
1984-03-01	101.400	148.2100	367.2015076	97
1984-04-01	101.900	150.4000	353.6651001	96.5
1984-05-01	102.000	149.9400	355.4508972	96.2
1984-06-01	102.600	146.6600	317.7077942	96.2
1984-07-01	103.300	143.3700	287.6146851	96.7
1984-08-01	103.900	145.2900	293.1263123	98.1
1984-09-01	103.900	140.2400	341.716095	100
1984-10-01	104.500	136.1200	361.8883972	101.8
1984-11-01	104.400	140.2500	343.1270142	102.3
1984-12-01	104.600	140.6400	325.732605	102.2
1985-01-01	104.500	145.5800	315.3268127	101
1985-02-01	105.200	143.7300	279.7221985	99.9
1985-03-01	105.600	141.2700	243.0153046	98.7
1985-04-01	105.600	140.6600	219.1172028	96.2
1985-05-01	105.900	141.9400	165.5890045	94
1985-06-01	106.100	141.1600	164.0677948	92.1
1985-07-01	105.900	134.3100	156.4398041	90.9
1985-08-01	105.500	132.9300	158.7546997	90.6
1985-09-01	105.400	133.0700	161.9073029	90.9
1985-10-01	105.600	140.4800	173.4595032	90.8
1985-11-01	105.200	154.8500	177.5160065	91.2
1985-12-01	105.000	196.7700	165.4566956	90.5
1986-01-01	111.900	235.3000	180.1835938	90.4
1986-02-01	135.200	226.5200	188.8036041	90.4
1986-03-01	140.700	237.6200	201.5023041	89.1
1986-04-01	140.700	224.0700	201.2156982	87.9
1986-05-01	139.000	208.7400	188.8917999	88.2
1986-06-01	138.100	174.5400	175.5097961	88.8
1986-07-01	136.700	170.6300	176.2599945	89.2
1986-08-01	133.200	172.2300	190.6799927	91.1
1986-09-01	129.600	198.3600	202.7599945	92.1
1986-10-01	129.000	175.9100	207.3200073	94.8
1986-11-01	129.300	154.6300	206.2599945	96.2
1986-12-01	128.900	134.3100	194.8099976	96.6
1987-01-01	128.200	121.7500	197.7799988	96.6
1987-02-01	124.800	119.6000	184.0500031	95.1
1987-03-01	121.100	102.0400	183.1999969	92.8
1987-04-01	118.400	106.3000	149.5299988	91.3
1987-05-01	116.200	116.3800	144.1499939	89.8
1987-06-01	114.400	103.7200	134.0500031	88.4
1987-07-01	113.600	98.5600	153.25	90.2
1987-08-01	112.600	100.9000	158.3500061	91.5
1987-09-01	112.200	110.0000	160.2100067	93.2
1987-10-01	112.100	118.2600	184.9100037	93.9
1987-11-01	110.000	124.7700	192.4100037	93.6
1987-12-01	110.500	125.2200	207.0299988	92.1
1988-01-01	112.400	126.3800	212.3200073	91.1
1988-02-01	113.400	137.1400	193.6999969	89.8
1988-03-01	113.100	134.7400	191.6600037	87.3
1988-04-01	114.100	134.3000	184.2899933	85.9
1988-05-01	114.300	136.3900	170.7599945	85.8
1988-06-01	114.600	141.8300	166.2899933	84.2
1988-07-01	115.500	139.2400	146.1999969	85.2
1988-08-01	116.300	128.8900	148.1199951	88.3
1988-09-01	116.300	134.8300	164.5899963	91.3
1988-10-01	116.000	130.4300	181.3399963	94.4
1988-11-01	116.600	132.0900	192.6399994	96.8
1988-12-01	116.900	144.9500	195.7599945	97.3
1989-01-01	118.000	149.5000	193.0299988	97
1989-02-01	120.400	137.5726	181.6900024	95.7
1989-03-01	121.200	139.3800	178	92.2
1989-04-01	122.400	143.0600	171.8300018	90.9
1989-05-01	123.300	138.6500	169.1000061	90.1
1989-06-01	123.000	123.2100	176.8099976	91.3
1989-07-01	124.300	85.9100	193.7299957	94
1989-08-01	122.800	77.4000	184	98.3
1989-09-01	119.500	77.8400	214.7400055	103.3
1989-10-01	118.200	67.7600	261.5299988	107.5
1989-11-01	116.100	70.7200	235.3099976	113
1989-12-01	115.700	72.5500	254.3300018	116.2
1990-01-01	115.800	75.8300	252.9299927	115.6
1990-02-01	116.000	84.0100	211.2899933	106.4
1990-03-01	115.100	93.9600	192.6000061	101.5
1990-04-01	114.900	93.7300	194.8099976	98.2
1990-05-01	116.900	92.0200	187.0200043	100.4
1990-06-01	117.700	88.2600	181.4900055	103
1990-07-01	119.800	86.4800	189.7899933	105.5
1990-08-01	119.700	94.4200	174.5500031	106.1
1990-09-01	119.600	94.9200	185.25	105.6
1990-10-01	119.100	91.4100	220.1999969	97.1
1990-11-01	117.800	84.8400	228.6000061	93.6
1990-12-01	117.400	89.8900	219.9499969	86.7
1991-01-01	118.100	86.3200	236.1900024	85.2
1991-02-01	118.400	89.5700	200.3500061	84.9
1991-03-01	117.200	93.7200	184.7400055	83.9
1991-04-01	117.800	92.2700	182.0399933	83.6
1991-05-01	116.900	87.5900	173.4875031	83.9
1991-06-01	116.500	85.5000	163.7100067	85.5
1991-07-01	115.400	82.8083	152.3460999	88.4
1991-08-01	113.700	81.6188	162.1224976	91.9
1991-09-01	112.600	87.4510	174.2911987	94.2
1991-10-01	112.700	79.8618	185.8535004	98.1
1991-11-01	112.400	78.5178	197.0700073	99.6
1991-12-01	111.300	75.0967	198.6300049	100.4
1992-01-01	112.800	72.9904	175.2769012	98.6
1992-02-01	113.500	67.8821	162.5063019	94.6
1992-03-01	112.600	70.1433	165.4369965	92.1
1992-04-01	112.600	65.4300	192.865097	92.2
1992-05-01	112.700	60.2570	211.216507	95.8
1992-06-01	112.800	58.3755	201.5570984	98.4
1992-07-01	112.300	57.6823	206.4091949	100
1992-08-01	110.900	52.4248	221.0605927	100.6
1992-09-01	108.800	52.7262	221.0126038	100.1
1992-10-01	108.200	61.3955	200.7920074	98.7
1992-11-01	106.300	67.1328	203.6387024	96
1992-12-01	105.400	77.4645	235.1224976	93.1
1993-01-01	105.300	68.6590	239.4942932	91.8
1993-02-01	107.300	67.4616	203.5554962	89.8
1993-03-01	108.200	62.7691	190.4779053	90
1993-04-01	110.000	56.8805	177.7489014	92.7
1993-05-01	110.900	61.4760	172.8585968	96
1993-06-01	111.300	61.9855	166.6717072	97.1
1993-07-01	111.700	71.5567	165.194397	95.8
1993-08-01	110.800	76.5577	166.6121979	93.5
1993-09-01	110.200	79.8178	180.0209961	94.4
1993-10-01	110.500	75.0514	196.4871979	95.9
1993-11-01	110.000	77.0685	182.1999969	99.1
1993-12-01	111.100	80.0043	186.3011932	99.2
1994-01-01	112.100	77.2095	164.4532013	100
1994-02-01	112.400	82.1647	173.6300049	98.7
1994-03-01	111.900	85.5691	186.4958038	99.7
1994-04-01	112.500	89.2284	186.3139954	100
1994-05-01	113.000	121.9843	183.9584961	96
1994-06-01	115.500	142.5605	196.6965942	95
1994-07-01	141.400	217.6670	181.7825928	91.5
1994-08-01	172.500	198.0730	183.8193054	92.6
1994-09-01	172.500	220.1024	201.2032928	95.3
1994-10-01	174.100	198.6757	190.793396	96.2
1994-11-01	174.600	181.6444	178.3226013	95.7
1994-12-01	172.700	167.4733	172.3605042	94.2
1995-01-01	172.900	172.3337	163.5585022	92.7
1995-02-01	169.000	168.7111	169.0386963	92
1995-03-01	166.200	178.2169	172.093399	93.2
1995-04-01	164.600	172.8074	167.9741974	91.3
1995-05-01	163.900	168.8332	164.3883972	91.5
1995-06-01	163.000	152.2459	145.5032959	90.4
1995-07-01	162.400	143.8332	143.3701019	89.8
1995-08-01	163.100	151.4122	150.3654938	92.9
1995-09-01	161.000	131.8700	163.3899994	94.4
1995-10-01	158.400	125.3805	176.9098969	98.4
1995-11-01	157.000	123.2310	173.6181946	101.2
1995-12-01	156.100	103.9921	179.6618958	101.9
1996-01-01	152.800	109.3800	174.4151001	102
1996-02-01	152.900	123.7900	177.0328064	101.7
1996-03-01	152.500	119.0462	168.6596985	100.4
1996-04-01	151.300	122.0081	172.3695068	102.1
1996-05-01	150.800	128.5595	176.1246033	105.3
1996-06-01	149.200	127.9080	171.2368011	108.5
1996-07-01	147.700	120.4719	160.1741028	113.9
1996-08-01	148.100	122.4850	167.9671021	116.5
1996-09-01	147.500	114.0460	187.3800049	120.1
1996-10-01	146.200	120.6191	183.5126038	117.6
1996-11-01	145.300	119.6106	189.3715973	110.3
1996-12-01	145.600	115.0053	197.7389984	103.6
1997-01-01	145.900	131.8300	189.3567047	97.6
1997-02-01	146.600	167.2000	193.5673065	98.3
1997-03-01	152.300	193.8165	213.1822968	99.2
1997-04-01	162.700	204.4282	240.2904968	98.4
1997-05-01	167.200	264.4957	252.7621002	96.6
1997-06-01	175.500	212.5514	224.8050995	91.7
1997-07-01	181.000	186.5195	244.7653046	91.3
1997-08-01	182.100	185.1710	257.7608948	94.1
1997-09-01	181.100	184.3800	247.5281982	97.2
1997-10-01	177.800	161.4465	252.5065002	101.7
1997-11-01	173.800	154.1478	264.6914063	104.6
1997-12-01	170.200	174.2542	265.0513	106
1998-01-01	169.800	175.0353	317.3731079	106.4
1998-02-01	169.100	175.8737	329.1318054	107.3
1998-03-01	169.800	154.8209	261.48349	103.6
1998-04-01	168.800	147.0829	234.0603943	102.3
1998-05-01	167.100	134.3465	190.3049011	99
1998-06-01	163.900	121.5568	218.1468964	104.5
1998-07-01	163.400	113.8600	226.1999969	105.9
1998-08-01	162.000	119.8919	237.75	116.2
1998-09-01	159.200	108.0724	225.25	123.9
1998-10-01	156.600	107.0677	209.8000031	128.3
1998-11-01	156.300	115.1447	206.75	130.7
1998-12-01	155.200	116.0318	206.5	132.6
1999-01-01	155.400	111.4768	225	128.7
1999-02-01	155.200	103.2416	225.25	114.9
1999-03-01	155.400	103.2287	231.75	111.4
1999-04-01	155.200	99.6943	236.75	93.7
1999-05-01	156.200	108.9080	222	95.4
1999-06-01	154.700	104.2050	207.25	97.8
1999-07-01	155.000	90.8495	205.6	103.6
1999-08-01	155.500	87.6400	209	112.4
1999-09-01	154.900	81.0590	239	117.6
1999-10-01	154.500	92.1990	280	110.9
1999-11-01	152.400	114.0174	278	106.1
1999-12-01	152.600	123.5641	228.68	91.6
2000-01-01	157.000	109.1660	228	90.1
2000-02-01	158.800	101.6453	234.25	89.3
2000-03-01	157.400	97.9460	253.08	90.1
2000-04-01	156.600	92.5640	249.4	90.1
2000-05-01	155.200	91.7573	252	90.8
2000-06-01	154.600	84.1027	240.64	92.3
2000-07-01	154.100	84.6733	247	95.3
2000-08-01	154.000	74.5248	261.35	94.6
2000-09-01	151.800	73.8315	262.43	96.8
2000-10-01	151.200	75.3714	253	94.6
2000-11-01	149.500	70.4715	250.82	90.8
2000-12-01	147.700	64.4953	245.43	98.3
2001-01-01	149.500	64.9843	236.09	99.1
2001-02-01	149.100	66.9410	230	98.3
2001-03-01	149.700	65.9277	224.82	104.3
2001-04-01	147.300	65.5058	212.35	108.8
2001-05-01	147.300	68.9386	195.57	115.6
2001-06-01	147.700	63.6675	191	121.6
2001-07-01	146.900	58.4724	196.09	122.3
2001-08-01	146.100	59.6770	197.74	123.8
2001-09-01	145.600	57.7120	190.9	127.6
2001-10-01	145.100	56.5317	177.26	117.8
2001-11-01	143.900	58.9558	162.09	108.8
2001-12-01	142.600	55.5994	163.57	100.6
2002-01-01	142.600	57.3357	172.91	100.6
2002-02-01	143.300	60.5095	169.9	98.3
2002-03-01	142.000	66.3790	195.19	95.3
2002-04-01	143.600	65.7795	185.64	94.6
2002-05-01	144.300	58.4323	164.09	91.6
2002-06-01	142.200	55.1630	168.5	87.8
2002-07-01	143.500	53.0857	175.43	84.1
2002-08-01	142.400	52.0232	181.86	85.6
2002-09-01	142.000	57.5775	193.43	87.1
2002-10-01	141.500	64.0530	181.09	90.8
2002-11-01	141.400	70.1844	178.48	89.3
2002-12-01	142.200	63.8619	183.73	89.3
2003-01-01	144.900	65.2186	182.39	88.6
2003-02-01	143.500	67.5950	192.25	85.6
2003-03-01	145.000	61.6619	192.19	82.6
2003-04-01	146.500	65.3220	188.5	83.3
2003-05-01	144.500	66.1772	182.09	83.3
2003-06-01	146.300	61.3443	196.95	83.3
2003-07-01	146.300	62.2862	204.48	90.1
2003-08-01	146.800	63.5980	191.95	99.1
2003-09-01	145.800	65.5075	195.41	108.1
2003-10-01	144.000	62.5826	200.48	112.6
2003-11-01	142.400	62.3622	200	108.8
2003-12-01	143.200	64.8839	205.22	103.6
2004-01-01	144.100	73.7309	202.82	99.1
2004-02-01	145.000	77.5053	198.1	102.1
2004-03-01	145.700	77.4700	191.78	115.6
2004-04-01	145.700	74.3447	177.95	136.6
2004-05-01	144.600	75.8083	186.62	145.6
2004-06-01	143.100	82.1570	186.59	137.4
2004-07-01	146.300	73.9632	190.73	120.1
2004-08-01	147.100	73.1686	206.45	112.6
2004-09-01	146.400	80.9884	240.73	115.6
2004-10-01	145.700	79.8090	201.76	116.3
2004-11-01	144.700	89.5089	192.5	120.8
2004-12-01	145.500	102.5731	201.78	123.1
2005-01-01	151.700	107.1053	236.67	119.3
2005-02-01	153.000	122.2313	258.1	116.3
2005-03-01	154.300	134.6905	241.52	117.1
2005-04-01	161.400	128.7947	190.71	114.1
2005-05-01	162.100	126.1571	200.32	111.1
2005-06-01	165.200	119.9825	223.41	108.8
2005-07-01	165.200	108.4515	201.38	111.8
2005-08-01	166.400	108.4261	211.83	111.1
2005-09-01	163.600	98.1743	224.41	114.8
2005-10-01	164.800	106.0895	211.57	116.3
2005-11-01	164.700	108.8140	194.77	113.3
2005-12-01	162.300	103.0300	201.86	111.1
2006-01-01	163.100	124.3585	225	108.8
2006-02-01	163.400	118.5172	278.9	101.3
2006-03-01	166.700	112.2035	259.74	94.6
2006-04-01	165.900	114.7088	230.45	91.6
2006-05-01	167.400	107.9636	238.26	90.1
2006-06-01	165.600	101.2073	250.14	89.3
2006-07-01	164.700	102.7715	263.81	88.6
2006-08-01	166.100	112.1278	247.22	90.8
2006-09-01	165.200	109.3580	229.81	96.8
2006-10-01	165.600	110.9127	224.27	101.3
2006-11-01	163.800	123.5705	213.23	104.3
2006-12-01	165.800	129.9500	239.57	105.8
2007-01-01	170.396	124.4645	249.7	108.8
2007-02-01	172.937	122.3447	212.5	111.8
2007-03-01	174.184	116.6145	203.27	117.1
2007-04-01	174.089	114.5895	192.05	124.6
2007-05-01	176.457	112.5200	190.04	135.1
2007-06-01	176.599	118.6705	202.05	151.6
2007-07-01	179.294	116.8010	211.91	162.9
2007-08-01	180.346	123.6273	210.39	162.1
2007-09-01	176.411	128.0353	231.25	162.9
2007-10-01	177.039	134.5700	224.3	160.6
2007-11-01	174.926	130.3321	209.64	164.4
2007-12-01	175.083	136.4723	206.05	161.4
2008-01-01	179.587	139.0535	229.7	153.9
2008-02-01	178.046	158.2095	264.67	143.4
2008-03-01	182.611	148.0650	246.29	135.1
2008-04-01	189.526	137.7352	260.91	135.1
2008-05-01	191.405	139.7371	265.14	138.1
2008-06-01	191.063	144.0790	284.52	144.9
2008-07-01	193.108	145.3527	287.48	145.6
2008-08-01	193.512	145.7658	321.9	138.1
2008-09-01	192.765	140.5573	321.59	136.6
2008-10-01	191.764	121.4073	282.39	132.9
2008-11-01	187.005	120.4371	241	128.3
2008-12-01	185.929	116.9713	228.48	117.1
2009-01-01	187.897	128.0279	261.59	99.8
2009-02-01	187.905	128.5094	270	87.1
2009-03-01	187.129	127.7641	262.86	88.6
2009-04-01	185.708	134.5795	277.41	89.3
2009-05-01	185.496	147.6405	288	87.1
2009-06-01	187.607	144.4552	287.14	84.8
2009-07-01	187.494	137.5955	337.65	84.8
2009-08-01	188.421	146.8657	328.38	90.1
2009-09-01	187.802	145.6686	374.41	96.8
2009-10-01	186.398	151.9495	344.77	106.6
2009-11-01	183.148	150.2279	361.05	114.8
2009-12-01	180.802	155.8614	374.22	123.8
2010-01-01	185.545	154.4053	338.6666667	120.8
2010-02-01	184.667	155.9211	332.35	119.3
2010-03-01	184.410	162.1522	332.6086957	111.1
2010-04-01	183.769	171.0737	313.5909091	109.6
2010-05-01	184.279	174.0278	286.1428571	113.3
2010-06-01	184.818	193.5241	262.3636364	116.3
2010-07-01	184.188	205.2471	259.1818182	120.1
2010-08-01	186.975	212.7995	315.0909091	125.3
2010-09-01	190.584	222.1000	337.1818182	132.9
2010-10-01	192.015	215.8371	339.8571429	138.9
2010-11-01	190.389	227.9595	331.6818182	134.4
2010-12-01	185.379	237.3280	352.1304348	125.3
2011-01-01	194.634	262.9447	368.0952381	125.3
2011-02-01	194.251	288.0832	349.75	143.4
2011-03-01	201.836	294.4835	330.6521739	153.1
2011-04-01	209.089	302.7095	325.3333333	147.1
2011-05-01	213.713	293.0576	327.6818182	147.1
2011-06-01	217.308	277.7777	334.0454545	159.1
2011-07-01	222.232	269.1800	356.1428571	164.4
2011-08-01	225.176	273.5422	358.173913	165.1
2011-09-01	221.172	275.5845	362.2727273	158.4
2011-10-01	222.358	248.4929	357.1428571	149.4
2011-11-01	222.881	249.5040	351.2727273	153.1
2011-12-01	221.236	243.1447	333.3636364	148.6
2012-01-01	224.649	240.8900	337.2727273	142.6
2012-02-01	221.665	225.4940	341	132.9
2012-03-01	221.680	201.8509	341	129.1
2012-04-01	221.121	193.3510	341	126.1
2012-05-01	219.401	186.3459	341	121.6
2012-06-01	216.772	169.7895	341	121.6
2012-07-01	216.003	190.7729	345.588	126.8
2012-08-01	216.628	175.9670	353.1771594	135.9
2012-09-01	214.110	179.6032	358.2318667	147.1
2012-10-01	213.780	172.3741	368.1613913	161.4
2012-11-01	211.762	160.6425	368.1146667	165.1
2012-12-01	211.723	154.2238	351.4356825	156.9
2013-01-01	213.340	158.2729	338.8650435	149.4
2013-02-01	212.574	152.9984	320.9037333	146.4
2013-03-01	210.647	153.0116	297.3953016	143.4
2013-04-01	207.282	152.9595	266.3106667	146.4
2013-05-01	207.377	151.4255	272.3651014	147.9
2013-06-01	205.113	138.8550	258.7053333	146.4
2013-07-01	205.149	138.4395	256.1552464	142.6
2013-08-01	202.092	135.6300	248.0413333	146.4
2013-09-01	199.627	132.7800	230.4943492	150.9
2013-10-01	199.740	128.8283	221.7191884	155.4
2013-11-01	197.884	122.7484	235.2575238	162.1
2013-12-01	195.725	126.7371	245.6853333	165.1
2014-01-01	197.190	135.0333	248.9991884	176.4
2014-02-01	195.845	176.2763	256.9776	186.9
2014-03-01	197.959	216.0595	237.7257143	189.1
2014-04-01	197.948	226.9852	223.4066667	189.9
2014-05-01	199.082	215.2381	219.5213333	181.6
2014-06-01	199.625	198.9110	223.696	174.1
2014-07-01	202.128	198.5909	232.393971	174.9
2014-08-01	205.553	214.5000	235.7771429	180.9
2014-09-01	205.052	212.0052	232.9546667	192.9
2014-10-01	204.798	227.0596	256.1947826	186.9
2014-11-01	203.858	212.9261	243.3376	172.6
2014-12-01	202.772	200.5900	243.305971	153.1
2015-01-01	209.121	190.8983	269.6173333	132.1
2015-02-01	207.111	179.9400	296.3517333	126.1
2015-03-01	206.962	160.0223	307.5613333	124.6
2015-04-01	209.204	164.9519	290.7386667	123.8
2015-05-01	207.532	158.1733	313.8066032	125.3
2015-06-01	204.792	159.7695	355.88	126.8
2015-07-01	207.826	153.2923	403.0323478	124.6
2015-08-01	206.736	158.7762	387.3326984	125.3
2015-09-01	204.247	147.6543	371.2146667	131.4
2015-10-01	203.500	153.8832	391.84	132.9
2015-11-01	199.722	148.9368	353.7739683	136.6
2015-12-01	199.729	149.5181	343.4907826	129.1
2016-01-01	203.038	146.3216	319.8255238	123.3
2016-02-01	201.597	148.9400	287.2627302	120.3
2016-03-01	200.182	156.9373	263.7066667	117.2
2016-04-01	200.322	154.2019	237.9855238	114.9
2016-05-01	202.210	155.4043	247.256	111.1
2016-06-01	200.290	165.8491	268.9146667	113.4
2016-07-01	199.610	172.3525	280.1179683	123.3
2016-08-01	198.872	170.3422	275.9233623	131
2016-09-01	198.458	178.0710	297.972	132.5
2016-10-01	197.398	178.6243	304.9297778	127.2
2016-11-01	196.144	185.1275	328.6	134.8
2016-12-01	193.557	162.1622	336.66	144
2017-01-01	197.848	167.8275	368.7346667	144.8
2017-02-01	199.984	165.5584	382.8748	141.7
2017-03-01	200.092	159.3886	356.1028406	132.5
2017-04-01	201.394	155.9005	362.0965333	126.4
2017-05-01	203.837	151.1786	371.4824348	127.9
2017-06-01	200.824	144.0991	381.2173333	132.5
